UGA42011 1 1 2.28041 1.345096
UGA42012 1 2 1.70218 0.585191
UGA42013 1 1 2.99941 1.421061
UGA42014 1 2 2.42271 0.915579
UGA42015 1 1 2.2641 0.037312
UGA42016 1 1 3.20266 0.433457
UGA42017 1 1 3.03824 1.100832
UGA42018 1 1 3.44542 0.809979
UGA42019 1 2 2.21919 1.251130
UGA42020 1 1 2.53575 0.476598
UGA42021 1 2 2.29395 0.383049
UGA42022 1 1 4.62043 1.056843
UGA42023 1 1 2.62772 0.131059
UGA42024 1 2 2.22874 0.374044
UGA42025 1 1 2.44808 0.270720
UGA42026 1 2 1.51855 1.192989
UGA42027 1 2 0.941917 0.386400
UGA42028 1 2 1.00237 1.319843
UGA42029 1 2 1.74507 -0.001219
UGA42030 1 1 2.68448 0.300324
UGA42031 1 2 2.02845 0.902121
UGA42032 1 2 0.937274 0.161474
UGA42033 1 2 0.820914 0.200812
UGA42034 1 1 2.70532 1.243639
UGA42035 1 1 3.19848 1.267402
UGA42036 1 1 1.63118 1.134434
UGA42037 1 2 1.88104 1.224126
UGA42038 1 1 3.36841 1.033035
UGA42039 1 2 2.52545 1.356651
UGA42040 1 2 2.41156 0.977254
UGA42041 1 2 1.41473 1.360727
UGA42042 1 2 1.43832 0.298169
UGA42043 1 1 5.14186 1.370903
UGA42044 1 2 1.37348 -0.166142
UGA42045 1 2 1.28646 0.310894
UGA42046 1 1 4.26408 1.328625
UGA42047 1 2 3.46258 0.528261
UGA42048 1 1 2.69694 0.612576
UGA42049 1 1 2.65499 0.519472
UGA42050 1 1 3.14988 0.178405
UGA42051 1 2 1.8114 1.120467
UGA42052 1 2 0.273868 0.275960
UGA42053 1 1 2.29442 0.344663
UGA42054 1 2 3.366 1.006627
UGA42055 1 2 0.861604 0.447319
UGA42056 1 2 4.54611 1.390367
UGA42057 1 2 1.93761 1.179253
UGA42058 1 1 2.82684 0.966082
UGA42059 1 2 1.80811 0.909382
UGA42060 1 1 2.81946 1.031883
UGA42061 1 1 2.09014 0.558318
UGA42062 1 1 2.89861 1.133685
UGA42063 1 1 1.84472 1.047552
UGA42064 1 1 2.42385 0.481498
UGA42065 1 1 2.02511 1.305826
UGA42066 1 2 1.36516 0.555637
UGA42067 1 1 3.21606 1.230882
UGA42068 1 1 1.1352 0.106916
UGA42069 1 1 1.86735 0.504416
UGA42070 1 1 1.92704 0.530579
UGA42071 1 1 2.05208 0.550243
UGA42072 1 1 3.70033 1.459185
UGA42073 1 2 1.36152 0.966574
UGA42074 1 1 2.80741 0.452239
UGA42075 1 1 1.31929 0.481000
UGA42076 1 1 2.85547 0.382298
UGA42077 1 1 4.21013 1.326426
UGA42078 1 2 1.38658 0.318279
UGA42079 1 1 3.37909 1.185846
UGA42080 1 1 3.28835 1.469661
UGA42081 1 2 0.696394 1.071382
UGA42082 1 1 2.68638 1.153944
UGA42083 1 1 2.93155 1.110280
UGA42084 1 1 3.13732 0.452606
UGA42085 1 2 2.76879 1.057707
UGA42086 1 1 4.11574 1.093216
UGA42087 1 1 3.45139 1.050756
UGA42088 1 2 3.67543 1.296581
UGA42089 1 2 1.55214 0.561143
UGA42090 1 1 4.43873 1.293636
UGA42091 1 1 2.75282 0.304446
UGA42092 1 1 4.77713 1.133158
UGA42093 1 2 2.22896 1.024201
UGA42094 1 2 2.63252 0.927359
UGA42095 1 2 3.02287 1.084135
UGA42096 1 1 1.07656 0.236438
UGA42097 1 1 2.92318 1.048076
UGA42098 1 2 0.83077 0.323349
UGA42099 1 2 1.43913 0.469732
UGA42100 1 2 3.2939 1.322236
UGA42101 1 2 -0.089867 0.349251
UGA42102 1 1 3.91871 1.152702
UGA42103 1 1 3.42805 0.327876
UGA42104 1 1 1.04484 0.240932
UGA42105 1 2 1.75553 0.794171
UGA42106 1 1 1.30613 0.472921
UGA42107 1 1 1.91995 1.226896
UGA42108 1 2 2.25673 1.169012
UGA42109 1 2 -0.104985 0.143441
UGA42110 1 1 1.86805 0.385847
UGA42111 1 1 2.52689 0.875713
UGA42112 1 1 2.30064 0.803457
UGA42113 1 2 0.915823 0.764119
UGA42114 1 2 2.92454 0.383956
UGA42115 1 2 1.46662 0.396139
UGA42116 1 2 1.31414 0.560384
UGA42117 1 2 2.28351 1.153890
UGA42118 1 2 4.23375 1.326467
UGA42119 1 1 2.2291 1.084150
UGA42120 1 1 0.936579 0.496226
UGA42121 1 1 2.94754 0.346459
UGA42122 1 1 2.59283 1.289110
UGA42123 1 1 2.82735 0.867127
UGA42124 1 1 3.29332 1.313320
UGA42125 1 1 1.78215 0.432705
UGA42126 1 2 1.77721 0.730380
UGA42127 1 2 -0.540189 0.083629
UGA42128 1 2 1.33971 0.765737
UGA42129 1 1 2.29622 0.341527
UGA42130 1 2 1.88631 1.212598
UGA42131 1 2 4.2463 1.330548
UGA42132 1 2 2.34164 1.193411
UGA42133 1 1 2.46645 0.392624
UGA42134 1 2 1.50717 0.415848
UGA42135 1 1 2.64596 0.429253
UGA42136 1 2 2.41719 0.340408
UGA42137 1 2 1.23185 1.026093
UGA42138 1 2 2.54955 1.309845
UGA42139 1 2 0.085028 0.320365
UGA42140 1 2 0.924862 0.549862
UGA42141 1 1 2.76026 0.573489
UGA42142 1 2 -0.070658 0.416381
UGA42143 1 2 2.9017 1.250100
UGA42144 1 1 1.9318 0.546436
UGA42145 1 1 3.0492 0.194637
UGA42146 1 2 0.357668 -0.021211
UGA42147 1 2 1.13628 0.187577
UGA42148 1 2 1.503 0.540979
UGA42149 1 2 1.59012 1.057691
UGA42150 1 2 1.32171 1.176377
UGA42151 1 2 2.55775 1.092386
UGA42152 1 2 1.54503 0.537629
UGA42153 1 1 1.94174 0.547915
UGA42154 1 2 1.53405 0.801892
UGA42155 1 2 2.78292 1.243141
UGA42156 1 2 1.77782 0.516132
UGA42157 1 1 2.15079 0.990519
UGA42158 1 1 3.0732 1.122534
UGA42159 1 1 4.2724 1.268185
UGA42160 1 1 2.61573 0.188498
UGA42161 1 2 0.511027 0.961422
UGA42162 1 1 2.97068 0.417371
UGA42163 1 2 2.96457 1.342730
UGA42164 1 1 3.80644 0.942933
UGA42165 1 2 1.41158 0.427951
UGA42166 1 2 2.11104 1.097704
UGA42167 1 1 1.41183 0.349999
UGA42168 1 1 3.56475 0.222638
UGA42169 1 2 0.61854 1.325030
UGA42170 1 2 2.63512 1.202618
UGA42171 1 1 2.39174 0.975996
UGA42172 1 1 4.23783 1.245439
UGA42173 1 1 1.80491 -0.093778
UGA42174 1 1 0.61079 0.094706
UGA42175 1 2 2.87597 0.944299
UGA42176 1 2 0.284032 0.224400
UGA42177 1 2 1.774 0.953706
UGA42178 1 1 2.71714 0.455530
UGA42179 1 1 3.0106 1.191182
UGA42180 1 1 4.59898 1.256270
UGA42181 1 1 4.4471 1.322286
UGA42182 1 1 2.78058 0.086368
UGA42183 1 2 0.718792 0.139654
UGA42184 1 2 1.3213 1.054534
UGA42185 1 2 3.76107 0.910690
UGA42186 1 1 3.30752 0.153299
UGA42187 1 1 2.08948 0.295215
UGA42188 1 2 0.647989 0.138638
UGA42189 1 1 3.17955 1.062407
UGA42190 1 2 1.22789 0.418453
UGA42191 1 2 1.13457 0.934741
UGA42192 1 1 1.97517 0.275733
UGA42193 1 2 1.8103 1.293125
UGA42194 1 1 1.52352 0.515025
UGA42195 1 1 2.83502 1.150831
UGA42196 1 2 2.52691 1.095892
UGA42197 1 2 2.99732 1.160486
UGA42198 1 1 3.12886 1.094334
UGA42199 1 1 3.05082 1.360611
UGA42200 1 1 3.09925 0.458842
UGA42201 1 1 1.89628 -0.204545
UGA42202 1 1 4.08615 1.011865
UGA42203 1 2 1.97128 0.463538
UGA42204 1 2 2.90546 0.869111
UGA42205 1 1 2.58469 1.106892
UGA42206 1 2 1.0518 1.290938
UGA42207 1 2 1.82367 0.506315
UGA42208 1 2 1.29227 1.060108
UGA42209 1 2 1.98724 0.487684
UGA42210 1 1 3.10285 1.248663
